552
368
338
786
508
225
016
369
261
241
046
828
068
375
380
294
101
891
224
879
427
237
474
904
854
913
201
815
364
958
9656
4685
0856
4303
7216
8514
8312
8636
1548
4509
0970
7209
6543
2336
3391
7382
0527
9531
8729
1781
2290
8854
3705
2727
6390
2221
4748
2096
3333
1319
7552
8368
6338
1786
5508
3225
6016
6369
0261
7241
9046
7828
0068
4375
6380
8294
1101
2891
7224
9879
9427
2237
2474
7904
5854
4913
3201
6815
6364
7958
89656
54685
50856
34303
77216
88514
98312
78636
91548
94509
40970
47209
76543
42336
43391
37382
60527
99531
88729
31781
72290
28854
43705
82727
06390
52221
44748
12096
43333
51319
18849
14741
43269
90267
49784
92516
77877
20620
11864
07379
23999
27548
97265
41111
69690
60769
03353
81074
19272
82689
30428
10854
86490
28227
32065
22351
22273
52702
59295
74845
16294
02384
20338
07311
71300
79105
37969
95628
27668
25462
51076
49670
96421
71029
46843
86077
45888
18905
27441
46018
44991
71111
81059
27737
94774
81931
21625
13628
22371
94705